 0   1   2   3
(1) (2) (3) (4)

Player 0
Opposite = (0 + (4 // 2)) % 4 = 2

 0   1   2
(1) (2) (4)

Player 1
Opposite = (1 + (3 // 2)) % 3 = 2

 0   1
(1) (2)

Player 0
Opposite = (0 + (2 // 2)) % 2 = 1

 0
(1)



 0   1   2   3   4   5
(1) (2) (3) (4) (5) (6)

Elf: 0 (1)
Opposite: (0 + 6 // 2) % 6 = 3

 0   1   2   3   4
(1) (2) (3) (5) (6)

Elf: 1 (2)
Opposite: (1 + 5 // 2) % 5 = 3

 0   1   2   3
(1) (2) (3) (6)

Elf: 2 (3)
Opposite: (2 + 4 // 2) % 4 = 0

 0   1   2
(2) (3) (6)

Elf: 2 (6)
Opposite: (2 + 3 // 2) % 3 = 0

 0   1
(3) (6)

Elf: 0 (3)
Opposite: (0 + 2 // 2) % 2 = 1

 0
(3)



 0   1   2   3   4   5   6   7   8
(1) (2) (3) (4) (5) (6) (7) (8) (9)

Elf: 0 (1)
Opposite: (0 + 9 // 2) % 9 = 4

 0   1   2   3   4   5   6   7
(1) (2) (3) (4) (6) (7) (8) (9)

Elf: 1 (2)
Opposite: (1 + 8 // 2) % 8 = 5

 0   1   2   3   4   5   6
(1) (2) (3) (4) (6) (8) (9)

Elf: 2 (3)
Opposite: (2 + 7 // 2) % 7 = 5

 0   1   2   3   4   5
(1) (2) (3) (4) (6) (9)

Elf: 3 (4)
Opposite: (3 + 6 // 2) % 6 = 0

 0   1   2   3   4
(2) (3) (4) (6) (9)

Elf: 3 (6)
Opposite: (3 + 5 // 2) % 5 = 0

 0   1   2   3
(3) (4) (6) (9)

Elf: 3 (9)
Opposite: (3 + 4 // 2) % 4 = 1

 0   1   2
(3) (6) (9)

Elf: 0 (3)
Opposite: (0 + 3 // 2) % 3 = 1

 0   1
(3) (9)

Elf: 1 (9)
Opposite: (1 + 2 // 2) % 2 = 0

 0
(9)



 0   1   2   3   4   5   6   7   8   9
(1) (2) (3) (4) (5) (6) (7) (8) (9) (10)

Elf: 0
Opposite: (0 + 10 // 2) % 10 = 5

 0   1   2   3   4   5   6   7   8
(1) (2) (3) (4) (5) (7) (8) (9) (10)

Elf: 1
Opposite: (1 + 9 // 2) % 9 = 5

 0   1   2   3   4   5   6   7
(1) (2) (3) (4) (5) (8) (9) (10)

Elf: 2
Opposite: (2 + 8 // 2) % 8 = 6

 0   1   2   3   4   5   6
(1) (2) (3) (4) (5) (8) (10)

Elf: 3
Opposite: (3 + 7 // 2) % 7 = 6

 0   1   2   3   4   5
(1) (2) (3) (4) (5) (8)

Elf: 4
Opposite: (4 + 6 // 2) % 6 = 1

 0   1   2   3   4
(1) (3) (4) (5) (8)

Elf: 4
Opposite: (4 + 5 // 2) % 5 = 1

 0   1   2   3
(1) (4) (5) (8)

Elf: 0
Opposite: (0 + 4 // 2) % 4 = 2

 0   1   2
(1) (4) (8)

Elf: 1
Opposite: (1 + 3 // 2) % 3 = 2

 0   1
(1) (4)

Elf: 0
Opposite: (0 + 2 // 2) % 2 = 1

 0
(1)
